phone
2012207794
2025682333
2026408833
2028696424
2029056239
2034941515
2035655403
2039001090
2039001090
2053821550
2053945149
2059141845
2073205620
2082218289
2092710675
2096311111
2096311111
2096311111
2103340108
2103340108
2104103140
2104208671
2107247880
2107247880
2107247880
2107247880
2107349352
2107349352
2132108567
2133815233
2144175590
2144175590
2146356457
2149984846
2162624522
2163137283
2163745582
2163750128
2164694771
2164694771
2165343784
2165343784
2166302179
2166302179
2178513483
2187663699
2187663699
2197180607
2197180607
2252881090
2254564311
2294453256
2298546095
2392334684
2403554332
2405074419
2408884915
2409382118
2482129448
2482129448
2482129448
2483992000
2485081865
2487017719
2488493015
2488493015
2519783332
2533631710
2533770450
2533770450
2533770450
2533770450
2546241679
2563434127
2564525396
2565029582
2565029582
2565297474
2624222476
2627199470
2627199470
2627644290
2672104265
2675827607
2704056826
2818251580
2818882222
3013574051
3014614303
3017925104
3019108756
3037186482
3038083489
3038756479
3038756479
3038801127
3038801127
3039955812
3039955812
3045310943
3046381453
3046381453
3053005564
3053933803
3053933803
3054397636
3055270582
3055467105
3055527440
3056674349
3057478095
3057641863
3057997561
3058032778
3058032778
3058032778
3058042669
3058795570
3058795570
3058795570
3058795570
3058795570
3059726677
3059864176
3059864176
3073714843
3097065603
3106343067
3107105430
3129140991
3129140991
3129268811
3132085501
3132124000
3136598235
3136639515
3137685446
3142889161
3152433260
3155254457
3157205135
3173982812
3173982812
3174910636
3176159266
3176159266
3176159266
3178092406
3183447088
3183447088
3183447088
3186137860
3204934467
3214373393
3214373393
3214373393
3236376865
3252608059
3252608059
3255133323
3305023999
3305505176
3305505176
3306922429
3307740577
3309335735
3343158612
3348683242
3368707951
3472456085
3472639046
3473315611
3474516864
3474516864
3475867777
3477541419
3479338459
3479650373
3522835864
3523457156
3602708500
3602936649
3602936649
3602936649
3605376032
3614437538
3869653036
4052067495
4053065156
4053065156
4053065156
4053065156
4053343985
4057144632
4059334270
4059334270
4065655085
4075521035
4077220149
4078442755
4083945310
4085104111
4085104111
4085104111
4087576948
4087576948
4088923021
4107076078
4128743198
4134750642
4143506091
4144264651
4144777958
4147592022
4147954707
4155174099
4155174099
4155773298
4173968570
4193081538
4193442846
4196023393
4199848834
4238637335
4238637335
4238637335
4252522937
4402261610
4402261610
4432403814
4433733695
4434650548
4436408085
4436427506
4437898530
4693605515
4694180462
4694500262
4694500262
4694500262
4694500262
4784574730
5023707105
5042142722
5046138652
5048106988
5048106988
5052281572
5052281572
5054333994
5082699695
5082699695
5082699695
5082699695
5095993675
5095993675
5095993675
5104597545
5123779904
5125500960
5132900131
5135040454
5157828575
5162327723
5162327723
5163198188
5163225944
5163225944
5163225944
5164308217
5164770434
5173980428
5175809530
5203120901
5209049364
5408471936
5415161045
5593806641
5595799554
5597041485
5615983662
5618186357
5623771027
5704124096
5706045243
5706045243
5743396711
5757143192
5803189415
5804845492
5804845492
5856135427
5856135427
6013074308
6024357700
6025247110
6026776931
6027146780
6029994843
6029994843
6037704077
6072273075
6082940220
6082940220
6085564044
6085564044
6099234224
6107160526
6126448021
6126448021
6143525324
6143525324
6143525324
6143699301
6145569545
6145569545
6146689724
6146689724
6146689724
6148055539
6148055539
6155123732
6156368671
6156368671
6156638872
6156638872
6163225133
6164566571
6164566571
6169018564
6173472391
6173472391
6175100931
6177569318
6177755340
6186705668
6186705668
6196023440
6197883809
6232031321
6266797149
6266797149
6268635891
6305364876
6305364876
6305364876
6307309885
6313834708
6314861049
6314861049
6314861049
6316979523
6317939481
6318051735
6462042295
6462042295
6462091841
6462670776
6462677745
6462677745
6462886387
6616231104
6619000978
6625607317
6625607317
6785481920
6785481920
6789069433
6789069433
6789069433
6789069433
6825976142
6825976142
7027545421
7027545421
7028222600
7036986151
7039678396
7042401656
7042401656
7044921298
7044921298
7047969037
7047969037
7047969037
7063913680
7065402868
7065402868
7065402868
7065402868
7082626961
7089490190
7133825553
7142323150
7143265527
7144580295
7144965130
7144965130
7144965130
7147430815
7147430815
7148295776
7153790365
7192175245
7193602090
7202885090
7202983221
7205394412
7245538230
7249141645
7274802639
7274802639
7314460036
7317804337
7323475550
7327579400
7328147583
7328147583
7328147583
7329399078
7329399078
7402535478
7402535478
7402535478
7405791841
7406466640
7575823722
7575823722
7604153062
7604580840
7609608301
7735630806
7736916565
7736916565
7736916565
7739776880
7739776880
7745736423
7813676644
7813676644
7818850466
7818850466
7854757035
7862016975
7862023884
7862023884
7862054456
7862054456
7862054456
7862054456
7863017055
7863664761
7863826531
7864222290
7864222290
7864234032
7864277272
7864878410
7864878410
7864993324
7865060666
7865060666
7865397143
7866830409
7867153164
7867153164
7867625518
8012777591
8014136307
8014136307
8014250770
8014250770
8018311027
8018311027
8018364373
8018364373
8018364373
8023562944
8027340178
8034346771
8034346771
8034346771
8034479043
8034479043
8034479043
8036823570
8044375283
8064079944
8086528029
8109238610
8109238610
8122020953
8122020953
8122020953
8123698029
8123698029
8132632020
8132632020
8132632020
8134842529
8159012176
8177142263
8282422767
8285758119
8285758119
8302632999
8314190566
8314190566
8317611680
8323358827
8323537373
8323537373
8323801405
8327277331
8433778637
8435480311
8437924074
8455978590
8455978590
8455978590
8456615762
8502070388
8502641322
8502641322
8502880228
8502880228
8502880228
8505599557
8505599557
8505599557
8506023494
8506023494
8506023494
8582321222
8582321222
8587523903
8587524545
8603675077
8622027665
8622027665
8643820638
8643820638
8704217558
8704217558
8704217558
8708972372
9012929663
9012929663
9037150748
9037150748
9042521123
9042521123
9083139927
9083914857
9083914857
9084610853
9087235231
9087235231
9087235231
9087235231
9087972750
9092058096
9095061247
9098155961
9099945943
9099945943
9099945943
9104349693
9104349693
9107590514
9107590514
9134812538
9135942454
9136602520
9136602520
9152523280
9152523280
9152523280
9152523280
9165410299
9167498415
9176583316
9176844285
9176844285
9178150403
9178151455
9182440155
9192405548
9195939676
9287100094
9287100094
9287100094
9287100094
9287100094
9314724270
9314724270
9372452365
9373292810
9375205957
9376156015
9419148528
9419148528
9493069462
9493069462
9493069462
9498129209
9513674446
9515911201
9515959347
9522241919
9529131776
9542494030
9545894520
9545894520
9546381348
9548493174
9549997202
9549997202
9549997202
9565337375
9566392631
9566392631
9569751748
9702315240
9732070507
9782897608
9788047338
9788084170
9788084170
9792192880
9794929268
9794929268
9852654032
9853131093
9854670254
9854670254
9854670254
9857896004
9897374840
9897736918
